0.000000000000000000e+00 6.890950000000000000e+07 6.930860000000000000e+05
2.999999999999999889e-02 5.470820000000000000e+07 5.251340000000000000e+05
5.999999999999999778e-02 2.686260000000000000e+07 2.930410000000000000e+05
8.999999999999999667e-02 7.925210000000000000e+06 2.167000000000000000e+05
1.199999999999999956e-01 1.871130000000000000e+06 1.212640000000000000e+05
1.499999999999999944e-01 9.516490000000000000e+05 4.486530000000000291e+04
1.799999999999999933e-01 6.500130000000000000e+05 2.886779999999999927e+04
2.099999999999999922e-01 4.180830000000000000e+05 1.974459999999999854e+04
2.399999999999999911e-01 2.653540000000000000e+05 1.210089999999999964e+04
2.700000000000000178e-01 1.997180000000000000e+05 1.159229999999999927e+04
2.999999999999999889e-01 2.043050000000000000e+05 8.427319999999999709e+03
3.300000000000000155e-01 2.007110000000000000e+05 6.570590000000000146e+03
3.599999999999999867e-01 1.777470000000000000e+05 4.915590000000000146e+03
3.900000000000000133e-01 1.708160000000000000e+05 3.670829999999999927e+03
4.199999999999999845e-01 1.850760000000000000e+05 3.575849999999999909e+03
4.500000000000000111e-01 1.963880000000000000e+05 3.735780000000000200e+03
4.799999999999999822e-01 1.887400000000000000e+05 3.175300000000000182e+03
5.100000000000000089e-01 1.806650000000000000e+05 2.914599999999999909e+03
5.400000000000000355e-01 1.917650000000000000e+05 3.103440000000000055e+03
5.699999999999999512e-01 2.056040000000000000e+05 2.905110000000000127e+03
5.999999999999999778e-01 1.980400000000000000e+05 2.607889999999999873e+03
6.300000000000000044e-01 1.814640000000000000e+05 2.296809999999999945e+03
6.600000000000000311e-01 1.754950000000000000e+05 2.209699999999999818e+03
6.899999999999999467e-01 1.726550000000000000e+05 2.127760000000000218e+03
7.199999999999999734e-01 1.587840000000000000e+05 2.078260000000000218e+03
7.500000000000000000e-01 1.402070000000000000e+05 1.931640000000000100e+03
7.800000000000000266e-01 1.231470000000000000e+05 1.695670000000000073e+03
8.100000000000000533e-01 1.033800000000000000e+05 1.567200000000000045e+03
8.399999999999999689e-01 8.320539999999999418e+04 1.358839999999999918e+03
8.699999999999999956e-01 6.998389999999999418e+04 1.232259999999999991e+03
9.000000000000000222e-01 6.287200000000000000e+04 1.139450000000000045e+03
9.300000000000000488e-01 5.666059999999999854e+04 1.136609999999999900e+03
9.599999999999999645e-01 5.116130000000000291e+04 1.163940000000000055e+03
9.899999999999999911e-01 5.091940000000000146e+04 1.140480000000000018e+03
1.020000000000000018e+00 5.581330000000000291e+04 1.146259999999999991e+03
1.050000000000000044e+00 5.881790000000000146e+04 1.119089999999999918e+03
1.080000000000000071e+00 5.629480000000000291e+04 1.038420000000000073e+03
1.110000000000000098e+00 5.526250000000000000e+04 1.025220000000000027e+03
1.139999999999999902e+00 6.184790000000000146e+04 1.077720000000000027e+03
1.169999999999999929e+00 7.466630000000000291e+04 1.178309999999999945e+03
1.199999999999999956e+00 9.038980000000000291e+04 1.217960000000000036e+03
1.229999999999999982e+00 1.072060000000000000e+05 1.274119999999999891e+03
1.260000000000000009e+00 1.207350000000000000e+05 1.318519999999999982e+03
1.290000000000000036e+00 1.282320000000000000e+05 1.426079999999999927e+03
1.320000000000000062e+00 1.322840000000000000e+05 1.448380000000000109e+03
1.350000000000000089e+00 1.354810000000000000e+05 1.449210000000000036e+03
1.379999999999999893e+00 1.368650000000000000e+05 1.506920000000000073e+03
1.409999999999999920e+00 1.366100000000000000e+05 1.522700000000000045e+03
1.439999999999999947e+00 1.348280000000000000e+05 1.490619999999999891e+03
1.469999999999999973e+00 1.318620000000000000e+05 1.543349999999999909e+03
1.500000000000000000e+00 1.296450000000000000e+05 1.618339999999999918e+03
1.530000000000000027e+00 1.279180000000000000e+05 1.649289999999999964e+03
1.560000000000000053e+00 1.235420000000000000e+05 1.659759999999999991e+03
1.590000000000000080e+00 1.140870000000000000e+05 1.653180000000000064e+03
1.620000000000000107e+00 1.009500000000000000e+05 1.608599999999999909e+03
1.649999999999999911e+00 8.890580000000000291e+04 1.557829999999999927e+03
1.679999999999999938e+00 7.943939999999999418e+04 1.626119999999999891e+03
1.709999999999999964e+00 7.088980000000000291e+04 1.643519999999999982e+03
1.739999999999999991e+00 6.276900000000000000e+04 1.621700000000000045e+03
1.770000000000000018e+00 5.141509999999999854e+04 1.667579999999999927e+03
1.800000000000000044e+00 3.585530000000000291e+04 1.673289999999999964e+03
1.830000000000000071e+00 2.080640000000000146e+04 1.647640000000000100e+03
1.860000000000000098e+00 1.048089999999999964e+04 1.648430000000000064e+03
1.889999999999999902e+00 2.308769999999999982e+03 1.658599999999999909e+03
1.919999999999999929e+00 -7.119670000000000073e+03 1.638309999999999945e+03
1.949999999999999956e+00 -1.704640000000000146e+04 1.619430000000000064e+03
1.979999999999999982e+00 -2.671020000000000073e+04 1.610220000000000027e+03
2.009999999999999787e+00 -3.698559999999999854e+04 1.602410000000000082e+03
2.040000000000000036e+00 -4.573580000000000291e+04 1.576279999999999973e+03
2.069999999999999840e+00 -5.044600000000000000e+04 1.523430000000000064e+03
2.100000000000000089e+00 -5.373450000000000000e+04 1.540140000000000100e+03
2.129999999999999893e+00 -5.782859999999999854e+04 1.518180000000000064e+03
2.160000000000000142e+00 -6.074159999999999854e+04 1.466990000000000009e+03
2.189999999999999947e+00 -6.236240000000000146e+04 1.437440000000000055e+03
2.220000000000000195e+00 -6.307719999999999709e+04 1.383700000000000045e+03
2.250000000000000000e+00 -6.388819999999999709e+04 1.374269999999999982e+03
2.279999999999999805e+00 -6.443009999999999854e+04 1.374160000000000082e+03
2.310000000000000053e+00 -6.534869999999999709e+04 1.308670000000000073e+03
2.339999999999999858e+00 -6.454900000000000000e+04 1.247829999999999927e+03
2.370000000000000107e+00 -6.064200000000000000e+04 1.242400000000000091e+03
2.399999999999999911e+00 -5.690190000000000146e+04 1.240119999999999891e+03
2.430000000000000160e+00 -5.538750000000000000e+04 1.211460000000000036e+03
2.459999999999999964e+00 -5.511480000000000291e+04 1.187089999999999918e+03
2.490000000000000213e+00 -5.533900000000000000e+04 1.170990000000000009e+03
2.520000000000000018e+00 -5.575500000000000000e+04 1.128960000000000036e+03
2.549999999999999822e+00 -5.555130000000000291e+04 1.101829999999999927e+03
2.580000000000000071e+00 -5.416690000000000146e+04 1.081170000000000073e+03
2.609999999999999876e+00 -5.345609999999999854e+04 1.046369999999999891e+03
2.640000000000000124e+00 -5.378800000000000000e+04 1.033589999999999918e+03
2.669999999999999929e+00 -5.273009999999999854e+04 1.016350000000000023e+03
2.700000000000000178e+00 -5.100680000000000291e+04 9.585230000000000246e+02
2.729999999999999982e+00 -4.930990000000000146e+04 9.192989999999999782e+02
2.759999999999999787e+00 -4.691030000000000291e+04 9.158999999999999773e+02
2.790000000000000036e+00 -4.472630000000000291e+04 9.124809999999999945e+02
2.819999999999999840e+00 -4.462240000000000146e+04 8.637469999999999573e+02
2.850000000000000089e+00 -4.460440000000000146e+04 8.099710000000000036e+02
2.879999999999999893e+00 -4.337859999999999854e+04 7.785720000000000027e+02
2.910000000000000142e+00 -4.121330000000000291e+04 7.576589999999999918e+02
2.939999999999999947e+00 -3.833359999999999854e+04 7.218500000000000227e+02
2.970000000000000195e+00 -3.590730000000000291e+04 6.971670000000000300e+02
3.000000000000000000e+00 -3.393240000000000146e+04 6.573600000000000136e+02
